{
 "cells": [
  {
   "cell_type": "code",
   "execution_count": 17,
   "metadata": {},
   "outputs": [],
   "source": [
    "#%% Instalando os pacotes\n",
    "\n",
    "# !pip install pandas\n",
    "# !pip install numpy\n",
    "# !pip install matplotlib\n",
    "# !pip install seaborn\n",
    "# !pip install plotly\n",
    "# !pip install scipy\n",
    "# !pip install scikit-learn\n",
    "# !pip install pingouin\n",
    "\n",
    "#%% Importando os pacotes\n",
    "\n",
    "import pandas as pd\n",
    "import numpy as np\n",
    "import matplotlib.pyplot as plt\n",
    "import seaborn as sns\n",
    "import scipy.cluster.hierarchy as sch\n",
    "import scipy.stats as stats\n",
    "from scipy.stats import zscore\n",
    "from scipy.spatial.distance import pdist\n",
    "from sklearn.cluster import AgglomerativeClustering\n",
    "from sklearn.cluster import KMeans\n",
    "import pingouin as pg\n",
    "import plotly.express as px \n",
    "import plotly.graph_objects as go\n",
    "import plotly.io as pio\n",
    "# pio.renderers.default='browser'\n",
    "import warnings\n",
    "warnings.filterwarnings('ignore')\n",
    "from sklearn.metrics import silhouette_score"
   ]
  },
  {
   "cell_type": "code",
   "execution_count": 81,
   "metadata": {},
   "outputs": [
    {
     "data": {
      "text/html": [
       "<div>\n",
       "<style scoped>\n",
       "    .dataframe tbody tr th:only-of-type {\n",
       "        vertical-align: middle;\n",
       "    }\n",
       "\n",
       "    .dataframe tbody tr th {\n",
       "        vertical-align: top;\n",
       "    }\n",
       "\n",
       "    .dataframe thead th {\n",
       "        text-align: right;\n",
       "    }\n",
       "</style>\n",
       "<table border=\"1\" class=\"dataframe\">\n",
       "  <thead>\n",
       "    <tr style=\"text-align: right;\">\n",
       "      <th></th>\n",
       "      <th>country</th>\n",
       "      <th>child_mort</th>\n",
       "      <th>exports</th>\n",
       "      <th>health</th>\n",
       "      <th>imports</th>\n",
       "      <th>income</th>\n",
       "      <th>inflation</th>\n",
       "      <th>life_expec</th>\n",
       "      <th>total_fer</th>\n",
       "      <th>gdpp</th>\n",
       "    </tr>\n",
       "  </thead>\n",
       "  <tbody>\n",
       "    <tr>\n",
       "      <th>0</th>\n",
       "      <td>Afghanistan</td>\n",
       "      <td>90.2</td>\n",
       "      <td>10.0</td>\n",
       "      <td>7.58</td>\n",
       "      <td>44.9</td>\n",
       "      <td>1610</td>\n",
       "      <td>9.440</td>\n",
       "      <td>56.2</td>\n",
       "      <td>5.82</td>\n",
       "      <td>553</td>\n",
       "    </tr>\n",
       "    <tr>\n",
       "      <th>1</th>\n",
       "      <td>Albania</td>\n",
       "      <td>16.6</td>\n",
       "      <td>28.0</td>\n",
       "      <td>6.55</td>\n",
       "      <td>48.6</td>\n",
       "      <td>9930</td>\n",
       "      <td>4.490</td>\n",
       "      <td>76.3</td>\n",
       "      <td>1.65</td>\n",
       "      <td>4090</td>\n",
       "    </tr>\n",
       "    <tr>\n",
       "      <th>2</th>\n",
       "      <td>Algeria</td>\n",
       "      <td>27.3</td>\n",
       "      <td>38.4</td>\n",
       "      <td>4.17</td>\n",
       "      <td>31.4</td>\n",
       "      <td>12900</td>\n",
       "      <td>16.100</td>\n",
       "      <td>76.5</td>\n",
       "      <td>2.89</td>\n",
       "      <td>4460</td>\n",
       "    </tr>\n",
       "    <tr>\n",
       "      <th>3</th>\n",
       "      <td>Angola</td>\n",
       "      <td>119.0</td>\n",
       "      <td>62.3</td>\n",
       "      <td>2.85</td>\n",
       "      <td>42.9</td>\n",
       "      <td>5900</td>\n",
       "      <td>22.400</td>\n",
       "      <td>60.1</td>\n",
       "      <td>6.16</td>\n",
       "      <td>3530</td>\n",
       "    </tr>\n",
       "    <tr>\n",
       "      <th>4</th>\n",
       "      <td>Antigua and Barbuda</td>\n",
       "      <td>10.3</td>\n",
       "      <td>45.5</td>\n",
       "      <td>6.03</td>\n",
       "      <td>58.9</td>\n",
       "      <td>19100</td>\n",
       "      <td>1.440</td>\n",
       "      <td>76.8</td>\n",
       "      <td>2.13</td>\n",
       "      <td>12200</td>\n",
       "    </tr>\n",
       "    <tr>\n",
       "      <th>5</th>\n",
       "      <td>Argentina</td>\n",
       "      <td>14.5</td>\n",
       "      <td>18.9</td>\n",
       "      <td>8.10</td>\n",
       "      <td>16.0</td>\n",
       "      <td>18700</td>\n",
       "      <td>20.900</td>\n",
       "      <td>75.8</td>\n",
       "      <td>2.37</td>\n",
       "      <td>10300</td>\n",
       "    </tr>\n",
       "    <tr>\n",
       "      <th>6</th>\n",
       "      <td>Armenia</td>\n",
       "      <td>18.1</td>\n",
       "      <td>20.8</td>\n",
       "      <td>4.40</td>\n",
       "      <td>45.3</td>\n",
       "      <td>6700</td>\n",
       "      <td>7.770</td>\n",
       "      <td>73.3</td>\n",
       "      <td>1.69</td>\n",
       "      <td>3220</td>\n",
       "    </tr>\n",
       "    <tr>\n",
       "      <th>7</th>\n",
       "      <td>Australia</td>\n",
       "      <td>4.8</td>\n",
       "      <td>19.8</td>\n",
       "      <td>8.73</td>\n",
       "      <td>20.9</td>\n",
       "      <td>41400</td>\n",
       "      <td>1.160</td>\n",
       "      <td>82.0</td>\n",
       "      <td>1.93</td>\n",
       "      <td>51900</td>\n",
       "    </tr>\n",
       "    <tr>\n",
       "      <th>8</th>\n",
       "      <td>Austria</td>\n",
       "      <td>4.3</td>\n",
       "      <td>51.3</td>\n",
       "      <td>11.00</td>\n",
       "      <td>47.8</td>\n",
       "      <td>43200</td>\n",
       "      <td>0.873</td>\n",
       "      <td>80.5</td>\n",
       "      <td>1.44</td>\n",
       "      <td>46900</td>\n",
       "    </tr>\n",
       "    <tr>\n",
       "      <th>9</th>\n",
       "      <td>Azerbaijan</td>\n",
       "      <td>39.2</td>\n",
       "      <td>54.3</td>\n",
       "      <td>5.88</td>\n",
       "      <td>20.7</td>\n",
       "      <td>16000</td>\n",
       "      <td>13.800</td>\n",
       "      <td>69.1</td>\n",
       "      <td>1.92</td>\n",
       "      <td>5840</td>\n",
       "    </tr>\n",
       "  </tbody>\n",
       "</table>\n",
       "</div>"
      ],
      "text/plain": [
       "               country  child_mort  exports  health  imports  income  \\\n",
       "0          Afghanistan        90.2     10.0    7.58     44.9    1610   \n",
       "1              Albania        16.6     28.0    6.55     48.6    9930   \n",
       "2              Algeria        27.3     38.4    4.17     31.4   12900   \n",
       "3               Angola       119.0     62.3    2.85     42.9    5900   \n",
       "4  Antigua and Barbuda        10.3     45.5    6.03     58.9   19100   \n",
       "5            Argentina        14.5     18.9    8.10     16.0   18700   \n",
       "6              Armenia        18.1     20.8    4.40     45.3    6700   \n",
       "7            Australia         4.8     19.8    8.73     20.9   41400   \n",
       "8              Austria         4.3     51.3   11.00     47.8   43200   \n",
       "9           Azerbaijan        39.2     54.3    5.88     20.7   16000   \n",
       "\n",
       "   inflation  life_expec  total_fer   gdpp  \n",
       "0      9.440        56.2       5.82    553  \n",
       "1      4.490        76.3       1.65   4090  \n",
       "2     16.100        76.5       2.89   4460  \n",
       "3     22.400        60.1       6.16   3530  \n",
       "4      1.440        76.8       2.13  12200  \n",
       "5     20.900        75.8       2.37  10300  \n",
       "6      7.770        73.3       1.69   3220  \n",
       "7      1.160        82.0       1.93  51900  \n",
       "8      0.873        80.5       1.44  46900  \n",
       "9     13.800        69.1       1.92   5840  "
      ]
     },
     "metadata": {},
     "output_type": "display_data"
    },
    {
     "data": {
      "text/html": [
       "<div>\n",
       "<style scoped>\n",
       "    .dataframe tbody tr th:only-of-type {\n",
       "        vertical-align: middle;\n",
       "    }\n",
       "\n",
       "    .dataframe tbody tr th {\n",
       "        vertical-align: top;\n",
       "    }\n",
       "\n",
       "    .dataframe thead th {\n",
       "        text-align: right;\n",
       "    }\n",
       "</style>\n",
       "<table border=\"1\" class=\"dataframe\">\n",
       "  <thead>\n",
       "    <tr style=\"text-align: right;\">\n",
       "      <th></th>\n",
       "      <th>child_mort</th>\n",
       "      <th>exports</th>\n",
       "      <th>health</th>\n",
       "      <th>imports</th>\n",
       "      <th>income</th>\n",
       "      <th>inflation</th>\n",
       "      <th>life_expec</th>\n",
       "      <th>total_fer</th>\n",
       "      <th>gdpp</th>\n",
       "    </tr>\n",
       "  </thead>\n",
       "  <tbody>\n",
       "    <tr>\n",
       "      <th>count</th>\n",
       "      <td>167.000000</td>\n",
       "      <td>167.000000</td>\n",
       "      <td>167.000000</td>\n",
       "      <td>167.000000</td>\n",
       "      <td>167.000000</td>\n",
       "      <td>167.000000</td>\n",
       "      <td>167.000000</td>\n",
       "      <td>167.000000</td>\n",
       "      <td>167.000000</td>\n",
       "    </tr>\n",
       "    <tr>\n",
       "      <th>mean</th>\n",
       "      <td>38.270060</td>\n",
       "      <td>41.108976</td>\n",
       "      <td>6.815689</td>\n",
       "      <td>46.890215</td>\n",
       "      <td>17144.688623</td>\n",
       "      <td>7.781832</td>\n",
       "      <td>70.555689</td>\n",
       "      <td>2.947964</td>\n",
       "      <td>12964.155689</td>\n",
       "    </tr>\n",
       "    <tr>\n",
       "      <th>std</th>\n",
       "      <td>40.328931</td>\n",
       "      <td>27.412010</td>\n",
       "      <td>2.746837</td>\n",
       "      <td>24.209589</td>\n",
       "      <td>19278.067698</td>\n",
       "      <td>10.570704</td>\n",
       "      <td>8.893172</td>\n",
       "      <td>1.513848</td>\n",
       "      <td>18328.704809</td>\n",
       "    </tr>\n",
       "    <tr>\n",
       "      <th>min</th>\n",
       "      <td>2.600000</td>\n",
       "      <td>0.109000</td>\n",
       "      <td>1.810000</td>\n",
       "      <td>0.065900</td>\n",
       "      <td>609.000000</td>\n",
       "      <td>-4.210000</td>\n",
       "      <td>32.100000</td>\n",
       "      <td>1.150000</td>\n",
       "      <td>231.000000</td>\n",
       "    </tr>\n",
       "    <tr>\n",
       "      <th>25%</th>\n",
       "      <td>8.250000</td>\n",
       "      <td>23.800000</td>\n",
       "      <td>4.920000</td>\n",
       "      <td>30.200000</td>\n",
       "      <td>3355.000000</td>\n",
       "      <td>1.810000</td>\n",
       "      <td>65.300000</td>\n",
       "      <td>1.795000</td>\n",
       "      <td>1330.000000</td>\n",
       "    </tr>\n",
       "    <tr>\n",
       "      <th>50%</th>\n",
       "      <td>19.300000</td>\n",
       "      <td>35.000000</td>\n",
       "      <td>6.320000</td>\n",
       "      <td>43.300000</td>\n",
       "      <td>9960.000000</td>\n",
       "      <td>5.390000</td>\n",
       "      <td>73.100000</td>\n",
       "      <td>2.410000</td>\n",
       "      <td>4660.000000</td>\n",
       "    </tr>\n",
       "    <tr>\n",
       "      <th>75%</th>\n",
       "      <td>62.100000</td>\n",
       "      <td>51.350000</td>\n",
       "      <td>8.600000</td>\n",
       "      <td>58.750000</td>\n",
       "      <td>22800.000000</td>\n",
       "      <td>10.750000</td>\n",
       "      <td>76.800000</td>\n",
       "      <td>3.880000</td>\n",
       "      <td>14050.000000</td>\n",
       "    </tr>\n",
       "    <tr>\n",
       "      <th>max</th>\n",
       "      <td>208.000000</td>\n",
       "      <td>200.000000</td>\n",
       "      <td>17.900000</td>\n",
       "      <td>174.000000</td>\n",
       "      <td>125000.000000</td>\n",
       "      <td>104.000000</td>\n",
       "      <td>82.800000</td>\n",
       "      <td>7.490000</td>\n",
       "      <td>105000.000000</td>\n",
       "    </tr>\n",
       "  </tbody>\n",
       "</table>\n",
       "</div>"
      ],
      "text/plain": [
       "       child_mort     exports      health     imports         income  \\\n",
       "count  167.000000  167.000000  167.000000  167.000000     167.000000   \n",
       "mean    38.270060   41.108976    6.815689   46.890215   17144.688623   \n",
       "std     40.328931   27.412010    2.746837   24.209589   19278.067698   \n",
       "min      2.600000    0.109000    1.810000    0.065900     609.000000   \n",
       "25%      8.250000   23.800000    4.920000   30.200000    3355.000000   \n",
       "50%     19.300000   35.000000    6.320000   43.300000    9960.000000   \n",
       "75%     62.100000   51.350000    8.600000   58.750000   22800.000000   \n",
       "max    208.000000  200.000000   17.900000  174.000000  125000.000000   \n",
       "\n",
       "        inflation  life_expec   total_fer           gdpp  \n",
       "count  167.000000  167.000000  167.000000     167.000000  \n",
       "mean     7.781832   70.555689    2.947964   12964.155689  \n",
       "std     10.570704    8.893172    1.513848   18328.704809  \n",
       "min     -4.210000   32.100000    1.150000     231.000000  \n",
       "25%      1.810000   65.300000    1.795000    1330.000000  \n",
       "50%      5.390000   73.100000    2.410000    4660.000000  \n",
       "75%     10.750000   76.800000    3.880000   14050.000000  \n",
       "max    104.000000   82.800000    7.490000  105000.000000  "
      ]
     },
     "metadata": {},
     "output_type": "display_data"
    }
   ],
   "source": [
    "#%% Importando o banco de dados\n",
    "\n",
    "dados_paises = pd.read_csv('dados_paises.csv')\n",
    "## Fonte: https://www.kaggle.com/datasets/rohan0301/unsupervised-learning-on-country-data\n",
    "\n",
    "#%% Visualizando informações sobre os dados e variáveis\n",
    "\n",
    "# Estatísticas descritivas das variáveis\n",
    "\n",
    "display(dados_paises.head(10))\n",
    "\n",
    "tab_desc = dados_paises.describe()\n",
    "\n",
    "display(tab_desc)"
   ]
  },
  {
   "cell_type": "code",
   "execution_count": 3,
   "metadata": {},
   "outputs": [
    {
     "data": {
      "text/html": [
       "<div>\n",
       "<style scoped>\n",
       "    .dataframe tbody tr th:only-of-type {\n",
       "        vertical-align: middle;\n",
       "    }\n",
       "\n",
       "    .dataframe tbody tr th {\n",
       "        vertical-align: top;\n",
       "    }\n",
       "\n",
       "    .dataframe thead th {\n",
       "        text-align: right;\n",
       "    }\n",
       "</style>\n",
       "<table border=\"1\" class=\"dataframe\">\n",
       "  <thead>\n",
       "    <tr style=\"text-align: right;\">\n",
       "      <th></th>\n",
       "      <th>child_mort</th>\n",
       "      <th>exports</th>\n",
       "      <th>health</th>\n",
       "      <th>imports</th>\n",
       "      <th>income</th>\n",
       "      <th>inflation</th>\n",
       "      <th>life_expec</th>\n",
       "      <th>total_fer</th>\n",
       "      <th>gdpp</th>\n",
       "    </tr>\n",
       "  </thead>\n",
       "  <tbody>\n",
       "    <tr>\n",
       "      <th>child_mort</th>\n",
       "      <td>-</td>\n",
       "      <td>***</td>\n",
       "      <td>***</td>\n",
       "      <td></td>\n",
       "      <td>***</td>\n",
       "      <td>***</td>\n",
       "      <td>***</td>\n",
       "      <td>***</td>\n",
       "      <td>***</td>\n",
       "    </tr>\n",
       "    <tr>\n",
       "      <th>exports</th>\n",
       "      <td>-0.3181</td>\n",
       "      <td>-</td>\n",
       "      <td></td>\n",
       "      <td>***</td>\n",
       "      <td>***</td>\n",
       "      <td></td>\n",
       "      <td>***</td>\n",
       "      <td>***</td>\n",
       "      <td>***</td>\n",
       "    </tr>\n",
       "    <tr>\n",
       "      <th>health</th>\n",
       "      <td>-0.2004</td>\n",
       "      <td>-0.1144</td>\n",
       "      <td>-</td>\n",
       "      <td></td>\n",
       "      <td>*</td>\n",
       "      <td>***</td>\n",
       "      <td>***</td>\n",
       "      <td>**</td>\n",
       "      <td>***</td>\n",
       "    </tr>\n",
       "    <tr>\n",
       "      <th>imports</th>\n",
       "      <td>-0.1272</td>\n",
       "      <td>0.7374</td>\n",
       "      <td>0.0957</td>\n",
       "      <td>-</td>\n",
       "      <td></td>\n",
       "      <td>***</td>\n",
       "      <td></td>\n",
       "      <td>**</td>\n",
       "      <td></td>\n",
       "    </tr>\n",
       "    <tr>\n",
       "      <th>income</th>\n",
       "      <td>-0.5243</td>\n",
       "      <td>0.5168</td>\n",
       "      <td>0.1296</td>\n",
       "      <td>0.1224</td>\n",
       "      <td>-</td>\n",
       "      <td>*</td>\n",
       "      <td>***</td>\n",
       "      <td>***</td>\n",
       "      <td>***</td>\n",
       "    </tr>\n",
       "    <tr>\n",
       "      <th>inflation</th>\n",
       "      <td>0.2883</td>\n",
       "      <td>-0.1073</td>\n",
       "      <td>-0.2554</td>\n",
       "      <td>-0.247</td>\n",
       "      <td>-0.1478</td>\n",
       "      <td>-</td>\n",
       "      <td>***</td>\n",
       "      <td>***</td>\n",
       "      <td>***</td>\n",
       "    </tr>\n",
       "    <tr>\n",
       "      <th>life_expec</th>\n",
       "      <td>-0.8867</td>\n",
       "      <td>0.3163</td>\n",
       "      <td>0.2107</td>\n",
       "      <td>0.0544</td>\n",
       "      <td>0.612</td>\n",
       "      <td>-0.2397</td>\n",
       "      <td>-</td>\n",
       "      <td>***</td>\n",
       "      <td>***</td>\n",
       "    </tr>\n",
       "    <tr>\n",
       "      <th>total_fer</th>\n",
       "      <td>0.8485</td>\n",
       "      <td>-0.32</td>\n",
       "      <td>-0.1967</td>\n",
       "      <td>-0.159</td>\n",
       "      <td>-0.5018</td>\n",
       "      <td>0.3169</td>\n",
       "      <td>-0.7609</td>\n",
       "      <td>-</td>\n",
       "      <td>***</td>\n",
       "    </tr>\n",
       "    <tr>\n",
       "      <th>gdpp</th>\n",
       "      <td>-0.483</td>\n",
       "      <td>0.4187</td>\n",
       "      <td>0.346</td>\n",
       "      <td>0.1155</td>\n",
       "      <td>0.8956</td>\n",
       "      <td>-0.2216</td>\n",
       "      <td>0.6001</td>\n",
       "      <td>-0.4549</td>\n",
       "      <td>-</td>\n",
       "    </tr>\n",
       "  </tbody>\n",
       "</table>\n",
       "</div>"
      ],
      "text/plain": [
       "           child_mort  exports   health imports   income inflation life_expec  \\\n",
       "child_mort          -      ***      ***              ***       ***        ***   \n",
       "exports       -0.3181        -              ***      ***                  ***   \n",
       "health        -0.2004  -0.1144        -                *       ***        ***   \n",
       "imports       -0.1272   0.7374   0.0957       -                ***              \n",
       "income        -0.5243   0.5168   0.1296  0.1224        -         *        ***   \n",
       "inflation      0.2883  -0.1073  -0.2554  -0.247  -0.1478         -        ***   \n",
       "life_expec    -0.8867   0.3163   0.2107  0.0544    0.612   -0.2397          -   \n",
       "total_fer      0.8485    -0.32  -0.1967  -0.159  -0.5018    0.3169    -0.7609   \n",
       "gdpp           -0.483   0.4187    0.346  0.1155   0.8956   -0.2216     0.6001   \n",
       "\n",
       "           total_fer gdpp  \n",
       "child_mort       ***  ***  \n",
       "exports          ***  ***  \n",
       "health            **  ***  \n",
       "imports           **       \n",
       "income           ***  ***  \n",
       "inflation        ***  ***  \n",
       "life_expec       ***  ***  \n",
       "total_fer          -  ***  \n",
       "gdpp         -0.4549    -  "
      ]
     },
     "metadata": {},
     "output_type": "display_data"
    },
    {
     "data": {
      "text/html": [
       "<div>\n",
       "<style scoped>\n",
       "    .dataframe tbody tr th:only-of-type {\n",
       "        vertical-align: middle;\n",
       "    }\n",
       "\n",
       "    .dataframe tbody tr th {\n",
       "        vertical-align: top;\n",
       "    }\n",
       "\n",
       "    .dataframe thead th {\n",
       "        text-align: right;\n",
       "    }\n",
       "</style>\n",
       "<table border=\"1\" class=\"dataframe\">\n",
       "  <thead>\n",
       "    <tr style=\"text-align: right;\">\n",
       "      <th></th>\n",
       "      <th>child_mort</th>\n",
       "      <th>exports</th>\n",
       "      <th>health</th>\n",
       "      <th>imports</th>\n",
       "      <th>income</th>\n",
       "      <th>inflation</th>\n",
       "      <th>life_expec</th>\n",
       "      <th>total_fer</th>\n",
       "      <th>gdpp</th>\n",
       "    </tr>\n",
       "  </thead>\n",
       "  <tbody>\n",
       "    <tr>\n",
       "      <th>child_mort</th>\n",
       "      <td>1.000000</td>\n",
       "      <td>-0.318093</td>\n",
       "      <td>-0.200402</td>\n",
       "      <td>-0.127211</td>\n",
       "      <td>-0.524315</td>\n",
       "      <td>0.288276</td>\n",
       "      <td>-0.886676</td>\n",
       "      <td>0.848478</td>\n",
       "      <td>-0.483032</td>\n",
       "    </tr>\n",
       "    <tr>\n",
       "      <th>exports</th>\n",
       "      <td>-0.318093</td>\n",
       "      <td>1.000000</td>\n",
       "      <td>-0.114408</td>\n",
       "      <td>0.737381</td>\n",
       "      <td>0.516784</td>\n",
       "      <td>-0.107294</td>\n",
       "      <td>0.316313</td>\n",
       "      <td>-0.320011</td>\n",
       "      <td>0.418725</td>\n",
       "    </tr>\n",
       "    <tr>\n",
       "      <th>health</th>\n",
       "      <td>-0.200402</td>\n",
       "      <td>-0.114408</td>\n",
       "      <td>1.000000</td>\n",
       "      <td>0.095717</td>\n",
       "      <td>0.129579</td>\n",
       "      <td>-0.255376</td>\n",
       "      <td>0.210692</td>\n",
       "      <td>-0.196674</td>\n",
       "      <td>0.345966</td>\n",
       "    </tr>\n",
       "    <tr>\n",
       "      <th>imports</th>\n",
       "      <td>-0.127211</td>\n",
       "      <td>0.737381</td>\n",
       "      <td>0.095717</td>\n",
       "      <td>1.000000</td>\n",
       "      <td>0.122406</td>\n",
       "      <td>-0.246994</td>\n",
       "      <td>0.054391</td>\n",
       "      <td>-0.159048</td>\n",
       "      <td>0.115498</td>\n",
       "    </tr>\n",
       "    <tr>\n",
       "      <th>income</th>\n",
       "      <td>-0.524315</td>\n",
       "      <td>0.516784</td>\n",
       "      <td>0.129579</td>\n",
       "      <td>0.122406</td>\n",
       "      <td>1.000000</td>\n",
       "      <td>-0.147756</td>\n",
       "      <td>0.611962</td>\n",
       "      <td>-0.501840</td>\n",
       "      <td>0.895571</td>\n",
       "    </tr>\n",
       "    <tr>\n",
       "      <th>inflation</th>\n",
       "      <td>0.288276</td>\n",
       "      <td>-0.107294</td>\n",
       "      <td>-0.255376</td>\n",
       "      <td>-0.246994</td>\n",
       "      <td>-0.147756</td>\n",
       "      <td>1.000000</td>\n",
       "      <td>-0.239705</td>\n",
       "      <td>0.316921</td>\n",
       "      <td>-0.221631</td>\n",
       "    </tr>\n",
       "    <tr>\n",
       "      <th>life_expec</th>\n",
       "      <td>-0.886676</td>\n",
       "      <td>0.316313</td>\n",
       "      <td>0.210692</td>\n",
       "      <td>0.054391</td>\n",
       "      <td>0.611962</td>\n",
       "      <td>-0.239705</td>\n",
       "      <td>1.000000</td>\n",
       "      <td>-0.760875</td>\n",
       "      <td>0.600089</td>\n",
       "    </tr>\n",
       "    <tr>\n",
       "      <th>total_fer</th>\n",
       "      <td>0.848478</td>\n",
       "      <td>-0.320011</td>\n",
       "      <td>-0.196674</td>\n",
       "      <td>-0.159048</td>\n",
       "      <td>-0.501840</td>\n",
       "      <td>0.316921</td>\n",
       "      <td>-0.760875</td>\n",
       "      <td>1.000000</td>\n",
       "      <td>-0.454910</td>\n",
       "    </tr>\n",
       "    <tr>\n",
       "      <th>gdpp</th>\n",
       "      <td>-0.483032</td>\n",
       "      <td>0.418725</td>\n",
       "      <td>0.345966</td>\n",
       "      <td>0.115498</td>\n",
       "      <td>0.895571</td>\n",
       "      <td>-0.221631</td>\n",
       "      <td>0.600089</td>\n",
       "      <td>-0.454910</td>\n",
       "      <td>1.000000</td>\n",
       "    </tr>\n",
       "  </tbody>\n",
       "</table>\n",
       "</div>"
      ],
      "text/plain": [
       "            child_mort   exports    health   imports    income  inflation  \\\n",
       "child_mort    1.000000 -0.318093 -0.200402 -0.127211 -0.524315   0.288276   \n",
       "exports      -0.318093  1.000000 -0.114408  0.737381  0.516784  -0.107294   \n",
       "health       -0.200402 -0.114408  1.000000  0.095717  0.129579  -0.255376   \n",
       "imports      -0.127211  0.737381  0.095717  1.000000  0.122406  -0.246994   \n",
       "income       -0.524315  0.516784  0.129579  0.122406  1.000000  -0.147756   \n",
       "inflation     0.288276 -0.107294 -0.255376 -0.246994 -0.147756   1.000000   \n",
       "life_expec   -0.886676  0.316313  0.210692  0.054391  0.611962  -0.239705   \n",
       "total_fer     0.848478 -0.320011 -0.196674 -0.159048 -0.501840   0.316921   \n",
       "gdpp         -0.483032  0.418725  0.345966  0.115498  0.895571  -0.221631   \n",
       "\n",
       "            life_expec  total_fer      gdpp  \n",
       "child_mort   -0.886676   0.848478 -0.483032  \n",
       "exports       0.316313  -0.320011  0.418725  \n",
       "health        0.210692  -0.196674  0.345966  \n",
       "imports       0.054391  -0.159048  0.115498  \n",
       "income        0.611962  -0.501840  0.895571  \n",
       "inflation    -0.239705   0.316921 -0.221631  \n",
       "life_expec    1.000000  -0.760875  0.600089  \n",
       "total_fer    -0.760875   1.000000 -0.454910  \n",
       "gdpp          0.600089  -0.454910  1.000000  "
      ]
     },
     "metadata": {},
     "output_type": "display_data"
    }
   ],
   "source": [
    "# Matriz de correlações das variáveis\n",
    "\n",
    "# Vamos remover a coluna \"country\", pois é apenas um id\n",
    "paises = dados_paises.drop(columns=['country'])\n",
    "\n",
    "# Gerando a matriz de correlações de Pearson\n",
    "matriz_corr = pg.rcorr(paises, method = 'pearson', upper = 'pval', \n",
    "                       decimals = 4, \n",
    "                       pval_stars = {0.01: '***', 0.05: '**', 0.10: '*'})\n",
    "\n",
    "display(matriz_corr)\n",
    "#%% Mapa de calor indicando a correlação entre os atributos\n",
    "\n",
    "# Matriz de correlações básica\n",
    "corr = paises.corr()\n",
    "\n",
    "display(corr)"
   ]
  },
  {
   "cell_type": "code",
   "execution_count": 82,
   "metadata": {},
   "outputs": [
    {
     "data": {
      "application/vnd.plotly.v1+json": {
       "config": {
        "plotlyServerURL": "https://plot.ly"
       },
       "data": [
        {
         "colorscale": [
          [
           0,
           "rgb(247,252,245)"
          ],
          [
           0.125,
           "rgb(229,245,224)"
          ],
          [
           0.25,
           "rgb(199,233,192)"
          ],
          [
           0.375,
           "rgb(161,217,155)"
          ],
          [
           0.5,
           "rgb(116,196,118)"
          ],
          [
           0.625,
           "rgb(65,171,93)"
          ],
          [
           0.75,
           "rgb(35,139,69)"
          ],
          [
           0.875,
           "rgb(0,109,44)"
          ],
          [
           1,
           "rgb(0,68,27)"
          ]
         ],
         "text": [
          [
           1,
           -0.31809322264494905,
           -0.20040205881029746,
           -0.12721091993876057,
           -0.5243150164994345,
           0.2882761680227145,
           -0.8866760973367771,
           0.8484781105566707,
           -0.48303216621678186
          ],
          [
           -0.31809322264494905,
           1,
           -0.11440840246461274,
           0.7373808339554994,
           0.5167836027021384,
           -0.10729439255194576,
           0.31631260495547986,
           -0.3200105500358079,
           0.4187247510013237
          ],
          [
           -0.20040205881029746,
           -0.11440840246461274,
           1,
           0.09571667808670582,
           0.1295786050493511,
           -0.25537579284391076,
           0.21069212144020816,
           -0.19667398827210897,
           0.3459655251954038
          ],
          [
           -0.12721091993876057,
           0.7373808339554994,
           0.09571667808670582,
           1,
           0.12240624865259918,
           -0.24699427949656466,
           0.054390534928787225,
           -0.1590484337820177,
           0.11549816977950136
          ],
          [
           -0.5243150164994345,
           0.5167836027021384,
           0.1295786050493511,
           0.12240624865259918,
           1,
           -0.14775599560926253,
           0.6119624680973176,
           -0.5018400532297548,
           0.895571433087531
          ],
          [
           0.2882761680227145,
           -0.10729439255194576,
           -0.25537579284391076,
           -0.24699427949656466,
           -0.14775599560926253,
           1,
           -0.2397049629576343,
           0.3169210715383263,
           -0.22163105810153874
          ],
          [
           -0.8866760973367771,
           0.31631260495547986,
           0.21069212144020816,
           0.054390534928787225,
           0.6119624680973176,
           -0.2397049629576343,
           1,
           -0.7608746874349646,
           0.6000891345742055
          ],
          [
           0.8484781105566707,
           -0.3200105500358079,
           -0.19667398827210897,
           -0.1590484337820177,
           -0.5018400532297548,
           0.3169210715383263,
           -0.7608746874349646,
           1,
           -0.45491026725571565
          ],
          [
           -0.48303216621678186,
           0.4187247510013237,
           0.3459655251954038,
           0.11549816977950136,
           0.895571433087531,
           -0.22163105810153874,
           0.6000891345742055,
           -0.45491026725571565,
           1
          ]
         ],
         "texttemplate": "%{text:.2f}",
         "type": "heatmap",
         "x": [
          "child_mort",
          "exports",
          "health",
          "imports",
          "income",
          "inflation",
          "life_expec",
          "total_fer",
          "gdpp"
         ],
         "y": [
          "child_mort",
          "exports",
          "health",
          "imports",
          "income",
          "inflation",
          "life_expec",
          "total_fer",
          "gdpp"
         ],
         "z": [
          [
           1,
           -0.31809322264494905,
           -0.20040205881029746,
           -0.12721091993876057,
           -0.5243150164994345,
           0.2882761680227145,
           -0.8866760973367771,
           0.8484781105566707,
           -0.48303216621678186
          ],
          [
           -0.31809322264494905,
           1,
           -0.11440840246461274,
           0.7373808339554994,
           0.5167836027021384,
           -0.10729439255194576,
           0.31631260495547986,
           -0.3200105500358079,
           0.4187247510013237
          ],
          [
           -0.20040205881029746,
           -0.11440840246461274,
           1,
           0.09571667808670582,
           0.1295786050493511,
           -0.25537579284391076,
           0.21069212144020816,
           -0.19667398827210897,
           0.3459655251954038
          ],
          [
           -0.12721091993876057,
           0.7373808339554994,
           0.09571667808670582,
           1,
           0.12240624865259918,
           -0.24699427949656466,
           0.054390534928787225,
           -0.1590484337820177,
           0.11549816977950136
          ],
          [
           -0.5243150164994345,
           0.5167836027021384,
           0.1295786050493511,
           0.12240624865259918,
           1,
           -0.14775599560926253,
           0.6119624680973176,
           -0.5018400532297548,
           0.895571433087531
          ],
          [
           0.2882761680227145,
           -0.10729439255194576,
           -0.25537579284391076,
           -0.24699427949656466,
           -0.14775599560926253,
           1,
           -0.2397049629576343,
           0.3169210715383263,
           -0.22163105810153874
          ],
          [
           -0.8866760973367771,
           0.31631260495547986,
           0.21069212144020816,
           0.054390534928787225,
           0.6119624680973176,
           -0.2397049629576343,
           1,
           -0.7608746874349646,
           0.6000891345742055
          ],
          [
           0.8484781105566707,
           -0.3200105500358079,
           -0.19667398827210897,
           -0.1590484337820177,
           -0.5018400532297548,
           0.3169210715383263,
           -0.7608746874349646,
           1,
           -0.45491026725571565
          ],
          [
           -0.48303216621678186,
           0.4187247510013237,
           0.3459655251954038,
           0.11549816977950136,
           0.895571433087531,
           -0.22163105810153874,
           0.6000891345742055,
           -0.45491026725571565,
           1
          ]
         ]
        }
       ],
       "layout": {
        "height": 600,
        "template": {
         "data": {
          "bar": [
           {
            "error_x": {
             "color": "#2a3f5f"
            },
            "error_y": {
             "color": "#2a3f5f"
            },
            "marker": {
             "line": {
              "color": "#E5ECF6",
              "width": 0.5
             },
             "pattern": {
              "fillmode": "overlay",
              "size": 10,
              "solidity": 0.2
             }
            },
            "type": "bar"
           }
          ],
          "barpolar": [
           {
            "marker": {
             "line": {
              "color": "#E5ECF6",
              "width": 0.5
             },
             "pattern": {
              "fillmode": "overlay",
              "size": 10,
              "solidity": 0.2
             }
            },
            "type": "barpolar"
           }
          ],
          "carpet": [
           {
            "aaxis": {
             "endlinecolor": "#2a3f5f",
             "gridcolor": "white",
             "linecolor": "white",
             "minorgridcolor": "white",
             "startlinecolor": "#2a3f5f"
            },
            "baxis": {
             "endlinecolor": "#2a3f5f",
             "gridcolor": "white",
             "linecolor": "white",
             "minorgridcolor": "white",
             "startlinecolor": "#2a3f5f"
            },
            "type": "carpet"
           }
          ],
          "choropleth": [
           {
            "colorbar": {
             "outlinewidth": 0,
             "ticks": ""
            },
            "type": "choropleth"
           }
          ],
          "contour": [
           {
            "colorbar": {
             "outlinewidth": 0,
             "ticks": ""
            },
            "colorscale": [
             [
              0,
              "#0d0887"
             ],
             [
              0.1111111111111111,
              "#46039f"
             ],
             [
              0.2222222222222222,
              "#7201a8"
             ],
             [
              0.3333333333333333,
              "#9c179e"
             ],
             [
              0.4444444444444444,
              "#bd3786"
             ],
             [
              0.5555555555555556,
              "#d8576b"
             ],
             [
              0.6666666666666666,
              "#ed7953"
             ],
             [
              0.7777777777777778,
              "#fb9f3a"
             ],
             [
              0.8888888888888888,
              "#fdca26"
             ],
             [
              1,
              "#f0f921"
             ]
            ],
            "type": "contour"
           }
          ],
          "contourcarpet": [
           {
            "colorbar": {
             "outlinewidth": 0,
             "ticks": ""
            },
            "type": "contourcarpet"
           }
          ],
          "heatmap": [
           {
            "colorbar": {
             "outlinewidth": 0,
             "ticks": ""
            },
            "colorscale": [
             [
              0,
              "#0d0887"
             ],
             [
              0.1111111111111111,
              "#46039f"
             ],
             [
              0.2222222222222222,
              "#7201a8"
             ],
             [
              0.3333333333333333,
              "#9c179e"
             ],
             [
              0.4444444444444444,
              "#bd3786"
             ],
             [
              0.5555555555555556,
              "#d8576b"
             ],
             [
              0.6666666666666666,
              "#ed7953"
             ],
             [
              0.7777777777777778,
              "#fb9f3a"
             ],
             [
              0.8888888888888888,
              "#fdca26"
             ],
             [
              1,
              "#f0f921"
             ]
            ],
            "type": "heatmap"
           }
          ],
          "heatmapgl": [
           {
            "colorbar": {
             "outlinewidth": 0,
             "ticks": ""
            },
            "colorscale": [
             [
              0,
              "#0d0887"
             ],
             [
              0.1111111111111111,
              "#46039f"
             ],
             [
              0.2222222222222222,
              "#7201a8"
             ],
             [
              0.3333333333333333,
              "#9c179e"
             ],
             [
              0.4444444444444444,
              "#bd3786"
             ],
             [
              0.5555555555555556,
              "#d8576b"
             ],
             [
              0.6666666666666666,
              "#ed7953"
             ],
             [
              0.7777777777777778,
              "#fb9f3a"
             ],
             [
              0.8888888888888888,
              "#fdca26"
             ],
             [
              1,
              "#f0f921"
             ]
            ],
            "type": "heatmapgl"
           }
          ],
          "histogram": [
           {
            "marker": {
             "pattern": {
              "fillmode": "overlay",
              "size": 10,
              "solidity": 0.2
             }
            },
            "type": "histogram"
           }
          ],
          "histogram2d": [
           {
            "colorbar": {
             "outlinewidth": 0,
             "ticks": ""
            },
            "colorscale": [
             [
              0,
              "#0d0887"
             ],
             [
              0.1111111111111111,
              "#46039f"
             ],
             [
              0.2222222222222222,
              "#7201a8"
             ],
             [
              0.3333333333333333,
              "#9c179e"
